4 4 4 4 4 4 4 4 4 4 4 4 4 4 4 4 217 217 217 217 217 217 217 217 217 217 217 217 217 25 25 25 25 25 25 25 25 25 25 25 
4 5 5 5 5 5 5 5 5 5 5 5 5 5 5 5 180 180 180 180 180 180 180 180 180 180 180 180 180 9 9 9 9 9 9 9 9 9 9 25 
4 5 5 5 5 5 5 5 5 5 5 5 5 5 5 5 180 180 180 180 180 180 180 180 180 180 180 180 180 9 9 9 9 9 9 9 9 9 9 25 
4 5 5 5 5 5 5 5 5 5 5 5 5 5 5 5 180 180 180 180 180 180 180 180 180 180 180 180 180 9 9 9 9 9 9 9 9 9 9 25 
24 27 27 27 24 4 80 212 212 212 80 4 153 212 212 212 153 254 254 254 254 254 220 220 220 220 220 254 254 145 220 220 220 145 25 153 28 28 28 153 
24 27 27 27 24 0 80 212 212 212 80 0 153 212 212 212 153 0 254 254 254 254 220 220 220 220 220 254 0 145 220 220 220 145 0 153 28 28 28 153 
24 27 27 27 24 0 80 212 212 212 80 0 153 212 212 212 153 0 254 220 220 220 220 220 220 220 220 254 0 145 220 220 220 145 0 153 28 28 28 153 
24 27 27 27 24 0 80 212 212 212 80 0 153 212 212 212 153 0 254 220 220 220 220 220 220 220 220 254 0 145 220 220 220 145 0 153 28 28 28 153 
24 27 27 27 24 0 80 212 212 212 80 0 153 212 212 212 153 0 254 220 220 220 220 220 220 220 220 254 0 145 220 220 220 145 0 153 28 28 28 153 
24 27 27 27 24 0 80 212 212 212 80 0 153 212 212 212 153 0 254 220 220 220 220 220 220 220 220 254 0 145 220 220 220 145 0 153 28 28 28 153 
24 27 27 27 24 0 80 212 212 212 80 0 153 212 212 212 153 0 254 220 220 220 220 220 220 220 220 254 0 145 220 220 220 145 0 153 28 28 28 153 
24 27 27 27 24 0 80 212 212 212 80 0 153 212 212 212 153 0 254 220 220 220 220 220 220 220 220 254 0 145 220 220 220 145 0 153 28 28 28 153 
24 27 27 27 24 0 80 212 212 212 80 0 153 212 212 212 153 0 254 220 220 220 220 220 220 220 220 254 0 145 220 220 220 145 0 153 28 28 28 153 
24 27 27 27 24 0 80 212 212 212 80 0 153 212 212 212 153 0 254 220 220 220 220 220 220 220 220 254 0 145 220 220 220 145 0 153 28 28 28 153 
4 1 1 1 4 0 112 84 84 84 112 0 208 116 116 116 208 0 254 220 220 220 220 220 220 220 220 254 0 145 220 220 220 145 0 153 28 28 28 153 
4 1 1 1 4 0 112 84 84 84 112 0 208 116 116 116 208 0 0 0 0 0 49 1 1 1 1 254 0 145 220 220 220 145 0 153 28 28 28 153 
4 1 1 1 4 0 112 84 84 84 112 0 208 116 116 116 208 0 0 0 0 0 49 1 1 1 1 254 217 145 220 220 220 145 217 153 28 28 28 153 
4 1 1 1 4 0 112 84 84 84 112 0 208 116 116 116 208 0 0 0 0 0 49 1 1 1 1 180 180 180 180 180 180 180 180 180 180 180 180 153 
4 1 1 1 4 0 112 84 84 84 112 0 208 116 116 116 208 0 0 0 0 0 49 1 1 1 1 180 180 180 180 180 180 180 180 180 180 180 180 153 
4 1 1 1 4 0 112 84 84 84 112 0 208 116 116 116 208 0 0 0 0 0 49 1 1 1 1 180 180 180 180 180 180 180 180 180 180 180 180 252 
4 1 1 1 4 0 112 84 84 84 112 0 208 116 116 116 208 0 0 0 0 0 49 1 1 1 1 145 217 153 148 148 148 153 217 252 60 60 60 252 
4 1 1 1 4 0 112 84 84 84 112 0 208 116 116 116 208 0 0 0 0 0 49 1 1 1 1 145 0 153 148 148 148 153 0 252 60 60 60 252 
4 1 1 1 4 0 112 84 84 84 112 0 208 116 116 116 208 0 0 0 0 0 49 1 1 1 1 145 0 153 148 148 148 153 0 252 60 60 60 252 
4 1 1 1 4 0 112 84 84 84 112 0 208 116 116 116 208 0 0 0 0 0 49 1 1 1 1 145 0 153 148 148 148 153 0 252 60 60 60 252 
4 1 1 1 4 0 112 84 84 84 112 0 208 116 116 116 208 0 0 0 0 0 49 1 1 1 1 145 0 153 148 148 148 153 0 252 60 60 60 252 
4 1 1 1 4 0 112 84 84 84 112 0 208 116 116 116 208 49 49 49 49 49 49 1 1 1 1 145 0 153 148 148 148 153 0 252 60 60 60 252 
79 176 176 176 176 176 86 86 86 86 86 86 86 86 86 86 86 86 86 86 86 86 86 52 52 52 52 145 0 153 148 148 148 153 0 252 60 60 60 252 
79 176 176 176 176 176 86 86 86 86 86 86 86 86 86 86 86 86 86 86 86 86 86 52 52 52 52 145 0 153 148 148 148 153 0 252 60 60 60 252 
79 176 176 176 176 176 86 86 86 86 86 86 86 86 86 86 86 86 86 86 86 86 86 52 52 52 52 145 0 153 148 148 148 153 0 252 60 60 60 252 
79 176 176 176 176 176 0 0 0 86 86 0 0 0 86 86 0 0 0 86 86 0 145 52 52 52 52 145 0 153 148 148 148 153 0 252 60 60 60 252 
79 176 176 176 176 176 0 0 0 86 86 0 0 0 86 86 0 0 0 86 86 0 145 52 52 52 52 145 0 153 148 148 148 153 0 252 60 60 60 252 
79 176 176 176 176 176 0 0 118 86 86 0 0 118 86 86 0 0 118 86 86 0 145 52 52 52 52 145 105 153 148 148 148 153 105 252 60 60 60 252 
79 176 176 176 176 176 0 0 0 86 86 0 0 0 86 86 0 0 0 86 86 0 228 228 228 228 228 228 228 228 228 228 228 228 228 228 228 228 228 105 
79 176 176 176 176 176 31 31 31 31 31 31 31 31 31 31 31 31 31 31 31 31 228 228 228 228 228 228 228 228 228 228 228 228 228 228 228 228 228 105 
79 176 176 176 176 176 31 31 31 31 31 31 31 31 31 31 31 31 31 31 31 31 228 228 228 228 228 228 228 228 228 228 228 228 228 228 228 228 228 105 
79 135 135 135 135 135 135 135 135 135 135 0 0 0 0 0 0 0 0 0 0 0 105 105 105 105 105 105 105 105 105 105 105 105 105 105 105 105 105 105 
255 255 255 255 255 255 255 255 255 255 255 255 255 255 255 255 255 255 255 255 255 255 255 255 255 255 255 255 255 255 255 255 255 255 255 255 255 255 255 255 
255 255 255 255 255 255 255 255 255 255 255 255 255 255 255 255 255 255 255 255 255 255 255 255 255 255 255 255 255 255 255 255 255 255 255 255 255 255 255 255 
255 255 255 255 255 255 255 255 255 255 255 255 255 255 255 255 255 255 255 255 255 255 255 255 255 255 255 255 255 255 255 255 255 255 255 255 255 255 255 255 
255 255 255 255 255 255 255 255 255 255 255 255 255 255 255 255 255 255 255 255 255 255 255 255 255 255 255 255 255 255 255 255 255 255 255 255 255 255 255 255 
